3.59643574648905e-05	9.22950487356618e-05
0.000189484359531811	0.000214823315225461
0.000465639063423839	0.000337480317239555
0.000864422025544598	0.000460070229670966
0.00138574285831011	0.000582550357377732
0.00202947536949427	0.000704888413726956
0.00279546211714926	0.000827053776156582
0.00368351529140504	0.000949016252469453
0.00469341698466314	0.00107074581972019
0.00582491931961926	0.00119221255600272
0.00707774453910670	0.00131338662225831
0.00845158508695204	0.00143423825973405
0.00994610368953797	0.00155473779305151
0.0115609334417169	0.00167485563551766
0.0132956778985847	0.00179456229540571
0.0151499111737812	0.00191382838267226
0.0171231780446275	0.00203262461588776
0.0192149940642446	0.00215092182925662
0.0214248456807169	0.00226869097967914
0.0237521903633224	0.00238590315382074
0.0261964567358288	0.00250252957516954
0.0287570447168384	0.00261854161107825
0.0314333256671607	0.00273391077977501
0.0342246425441815	0.00284860875734477
0.0371303100631959	0.00296260738467558
0.0401496148656683	0.00307587867436591
0.0432818156943795	0.00318839481759180
0.0465261435754206	0.00330012819093068
0.0498818020069883	0.00341105136314252
0.0533479671549367	0.00352113710190086
0.0569237880550387	0.00363035838047926
0.0606083868219059	0.00373868838438375
0.0644008588645183	0.00384610051793661
0.0683002731083084	0.00395256841080520
0.0723056722237482	0.00405806592447462
0.0764160728613803	0.00416256715866581
0.0806304658932374	0.00426604645769323
0.0849478166605905	0.00436847841676320
0.0893670652279641	0.00446983788821129
0.0938871266433584	0.00457009998767593
0.0985068912046109	0.00466924010020716
0.103225224731836	0.00476723388631017
0.108040968845874	0.00486405728792033
0.112952941252679	0.00495968653430996
0.117959936033580	0.00505409814792358
0.123060723941343	0.00514726895014273
0.128254052701957	0.00523917606697513
0.133538647322073	0.00532979693467096
0.138913210402028	0.00541910930526336
0.144376422454361	0.00550709125202805
0.149926942227755	0.00559372117486903
0.155563407036323	0.00567897780562026
0.161284433094157	0.00576284021326612
0.167088615855053	0.00584528780908265
0.172974530357337	0.00592630035168958
0.178940731573705	0.00600585795202215
0.184985754765978	0.00608394107821102
0.191108115844712	0.00616053056038068
0.197306311733547	0.00623560759535343
0.203578820738223	0.00630915375126633
0.209924102920161	0.00638115097209724
0.216340600474533	0.00645158158209609
0.222826738112709	0.00652042829012578
0.229380923449001	0.00658767419390597
0.236001547391602	0.00665330278416376
0.242686984537628	0.00671729794868697
0.249435593572166	0.00677964397627838
0.256245717671226	0.00684032556061422
0.263115684908497	0.00689932780400139
0.270043808665823	0.00695663622103537
0.277028388047271	0.00701223674215581
0.284067708296714	0.00706611571710125
0.291160041218813	0.00711825991826037
0.298303645603300	0.00716865654391819
0.305496767652457	0.00721729322140172
0.312737641411680	0.00726415801011432
0.320024489203035	0.00730923940446955
0.327355522061687	0.00735252633671418
0.334728940175102	0.00739400817964727
0.342142933324911	0.00743367474922716
0.349595681331333	0.00747151630707269
0.357085354500032	0.00750752356285571
0.364610114071329	0.00754168767657759
0.372168112671618	0.00757400026074395
0.379757494766914	0.00760445338242159
0.387376397118397	0.00763303956518682
0.395022949239845	0.00765975179095959
0.402695273856852	0.00768458350172856
0.410391487367710	0.00770752860116000
0.418109700305845	0.00772858145609405
0.425848017803689	0.00774773689792883
0.433604540057888	0.00776499022388830
0.441377362795709	0.00778033719817736
0.449164577742551	0.00779377405302199
0.456964273090442	0.00780529748959352
0.464774533967395	0.00781490467881931
0.472593442907524	0.00782259326207651
0.480419080321789	0.00782836135177213
0.488249524969271	0.00783220753180528
0.496082854428847	0.00783413085791591
0.503917145571153	0.00783413085791608
0.511750475030729	0.00783220753180531
0.519580919678211	0.00782836135177230
0.527406557092476	0.00782259326207635
0.535225466032605	0.00781490467881915
0.543035726909558	0.00780529748959365
0.550835422257449	0.00779377405302205
0.558622637204291	0.00778033719817760
0.566395459942112	0.00776499022388827
0.574151982196311	0.00774773689792881
0.581890299694156	0.00772858145609410
0.589608512632290	0.00770752860116001
0.597304726143148	0.00768458350172873
0.604977050760155	0.00765975179095953
0.612623602881603	0.00763303956518669
0.620242505233085	0.00760445338242156
0.627831887328382	0.00757400026074400
0.635389885928671	0.00754168767657744
0.642914645499968	0.00750752356285550
0.650404318668667	0.00747151630707304
0.657857066675089	0.00743367474922695
0.665271059824898	0.00739400817964707
0.672644477938313	0.00735252633671431
0.679975510796965	0.00730923940446962
0.687262358588320	0.00726415801011437
0.694503232347543	0.00721729322140181
0.701696354396700	0.00716865654391840
0.708839958781187	0.00711825991826031
0.715932291703286	0.00706611571710135
0.722971611952729	0.00701223674215581
0.729956191334177	0.00695663622103527
0.736884315091503	0.00689932780400135
0.743754282328775	0.00684032556061404
0.750564406427834	0.00677964397627837
0.757313015462372	0.00671729794868686
0.763998452608398	0.00665330278416373
0.770619076550999	0.00658767419390590
0.777173261887291	0.00652042829012562
0.783659399525467	0.00645158158209606
0.790075897079839	0.00638115097209726
0.796421179261777	0.00630915375126657
0.802693688266452	0.00623560759535321
0.808891884155288	0.00616053056038077
0.815014245234022	0.00608394107821102
0.821059268426296	0.00600585795202204
0.827025469642663	0.00592630035168969
0.832911384144948	0.00584528780908260
0.838715566905843	0.00576284021326617
0.844436592963677	0.00567897780562007
0.850073057772245	0.00559372117486924
0.855623577545639	0.00550709125202839
0.861086789597972	0.00541910930526354
0.866461352677927	0.00532979693467120
0.871745947298044	0.00523917606697511
0.876939276058657	0.00514726895014296
0.882040063966420	0.00505409814792371
0.887047058747321	0.00495968653430987
0.891959031154126	0.00486405728792019
0.896774775268164	0.00476723388630983
0.901493108795389	0.00466924010020722
0.906112873356642	0.00457009998767601
0.910632934772036	0.00446983788821115
0.915052183339410	0.00436847841676297
0.919369534106763	0.00426604645769317
0.923583927138620	0.00416256715866572
0.927694327776252	0.00405806592447471
0.931699726891692	0.00395256841080502
0.935599141135482	0.00384610051793666
0.939391613178094	0.00373868838438345
0.943076211944961	0.00363035838047915
0.946652032845063	0.00352113710190108
0.950118197993012	0.00341105136314247
0.953473856424579	0.00330012819093086
0.956718184305621	0.00318839481759180
0.959850385134332	0.00307587867436616
0.962869689936804	0.00296260738467564
0.965775357455819	0.00284860875734476
0.968566674332839	0.00273391077977503
0.971242955283162	0.00261854161107821
0.973803543264171	0.00250252957516973
0.976247809636678	0.00238590315382054
0.978575154319283	0.00226869097967909
0.980785005935755	0.00215092182925647
0.982876821955373	0.00203262461588763
0.984850088826219	0.00191382838267246
0.986704322101415	0.00179456229540580
0.988439066558283	0.00167485563551804
0.990053896310462	0.00155473779305145
0.991548414913048	0.00143423825973414
0.992922255460893	0.00131338662225828
0.994175080680381	0.00119221255600246
0.995306583015337	0.00107074581972040
0.996316484708595	0.000949016252469171
0.997204537882851	0.000827053776156495
0.997970524630506	0.000704888413726812
0.998614257141690	0.000582550357377821
0.999135577974455	0.000460070229670831
0.999534360936576	0.000337480317239561
0.999810515640468	0.000214823315225500
0.999964035642535	9.22950487358497e-05